$ANSIBLE_VAULT;1.1;AES256
64643838643738653261396636313133646235663938303430323436343433373238363831663032
3261353762633638643637643265393136613165666462330a663765333166386636616461303439
62303039313561386431633538333265633861323033306563323461353066363831303561613731
3963313137643962610a656330383264646339316332383233363637373039303764306333366535
34346665626262653063643164303832393331386531393663316166663231646632633635313632
31343464336435313737363133653764353036303233633461336237613861373063643238343331
31316464353830373634313935646336386136373239626263303761613139323163383165373730
39663234366664326231656239613635366162383635663466616138313135653163663330346233
33316662633934653637323864313364383662613163356461646239336630656465313763373261
39393637363463656262396531326663396365336238323166323066353230323835643837376563
63616437373631376231636532393738666162303538323835343238636165646462646437653938
33353961353435613537373930353461373631643664323133643861636237643134303439303137
36373136343064663666323639363033336564623734323565623762396533626663363762616636
36323466633464653336333039313630306333643962353332373531313231623839313836663261
61613665613934316538316330386366643332663638633064353935636439303565613731353432
36633239393266353034303464336265623665653530363233376262323032343632623336326637
34663436366261633431353839326339356530373261663035356338356564303937346535613764
61363137623062313164633730623037353164396635653238326238333333343834313234616131
62326137616139313636666339323837326564613964343331633634336638616234646662323963
64313737623434633434
