$ANSIBLE_VAULT;1.1;AES256
36633363633662653036323439343964366232353861663165656334393762613862656431656562
6662613133633462653838653738386137346132373065370a363334383661356235346134616666
35353134333733336235343735396430636264396361663539653334616532616163623431373766
6133313332333434330a623137633638623136343737376134326239393362303361613231333265
64333262653164346566353066643263316461346232306538663539303336353061616364393531
66623861616132653831666633363731636233643462666562643430323339353233396233616339
63383530346363366435373862663864393636653736396566663964336465656661643763646337
31653737383532323434363438343337633661623763353232653637646632353066313534343862
32323063346536653837333162626462633164663665653035333566373862346463333464613834
38666433313835346437306232396362373032306339373735346635323436333034373762616665
34366437383137616530626662393765316665623961633161646132316431303735386232393037
65666562646532663364363763623937616339373739336166323131356362613230613031343337
64326562386530626663333663633137313465323433633065663638313266373362343234613436
39386363353831313438303633373365643462353330633930333730646230346462376364336334
33376137316439633962643066636465383961373165373538303761393932306135303736303766
64643434363636336566383933386238373937303230383639353731343438663466383961616233
39306162383838336265353630376638333837653961666262306132636438633038376332393536
62666537316636383437366235613138333366356533646462346563623662336430663366383365
66613763383561626633356231303132633033306336396561336335653264626332613164336662
65343637333864363036316330646633376666396331343738616136353839343933623233336334
30393439323037386165646432633661386337336635306439336261393933336339323562656438
62343235643963663335346361653066663034646364393564646434356432393530316530636333
65383330393365383930353231386437323633346333616139323436313837316137373635366339
64363034303239623935393438366338383962333430343537393065373465336665663833323631
66656463326231386637393438356661303339663964663531373430383366633933636531623033
35613834623639646237616134363339303439316635613938656336636532356262363439326330
66653930396338376565643631613433343830323831343635343833353731663861333263653731
31636539313531666631323636656161386632336530316330663862356339336533346638363831
32646662653735663937346163336665383533613533633565346637313131386539
