$ANSIBLE_VAULT;1.1;AES256
34386135396236353332643330613161623636316337626638323961623762343635393064666136
6662363430356164366563633439333162663161653564620a643830663030623362663039333964
30383835646663373237323130613734383937646533656334653332333862643863333531343731
3839306264323535330a623163323063373065663261616666663034383766666266633934663666
63306364363037363165636536386162363333326436373831343537376634663839326235623936
31303636306139316630306539383236643537346161623937383863623865303833393637336534
66333033613561386238646339636266393464316366313063353433313839346534363163356161
62623536323464623663323563343462353338646162346432663438363836666637363963616431
35363734643437613564343161623333393039626430303066616537343531613234383531613937
63386461356561386239633762356638626639653964336661343461343963353035303631393031
32353334363238333662386266333466656362343832336562386462383061633866633161373836
30346432643232316237623836336161646236656334313065376565326436326261313432316462
31333730663835383766363863663966323430636133363132663237393761323334303433323934
61333866386630653966633065333834346336623331356335653031643165333635316231396363
61376637333037366264393235383934383063323735346238643461343431613835663937636233
63646464613039646331366265613165313634373539616236623331336537663739653836363861
34343038643165303661383536376132356430333335396565633466303365393432613031393462
38336335633733303630323533323830363765353237613735653537643531346363303661333435
32383630623531393765653430333461386137353732626333353531643031613931663062643062
37616233333135383036383630633664663265326331373637366333613731396532333538396235
63366539643234313730313130626163623964366433616332363565323734363435393062306139
63383638353764393366306632343137653064356636626638326636666264646666393239373963
31323666373166646337323165346265316336386635386632323333653465633031623737386463
64666462373035643139663061613362396136363437353261386166303163336136343166323932
32326462646361343435643538313266343830393261343439346638333134613234
