$ANSIBLE_VAULT;1.1;AES256
33613964386137303464353533623561363638373131363564653339646638656261376133396136
6631303333633131353737396462346530343162313064350a393633626437326532313261366434
61653034656530313237363866653565343637313230353463353964356534306161376534346236
3735636138303432630a613937363438636231613865633163363939653834663833613964616233
34386430323939376663613236386138663364353938303637386530373238643739323965663662
36323439303131633732663739616636653064353365616330636363323365653436373436636666
31343465656532633362376134653237363166623865366637396564623165613965636337376137
32616138306261363735373539373936646537316561303662333166376235616138303135633964
66636231613565373638346266653164633230323061356236393830633533646231316439373061
63353864353764616437336130333431623366393666366437666363636636353963633933656531
36323065313135313664623034373332383834316464343834353130643833636566643030616232
36346138383665366338313663333933303038356538303635306438356135316434643465383735
30366537396362626263623261643935363036313539643866633661646265306265303836623135
61373439383261393734313733326133353931323065616632643331643339343666653139396634
32346365616462396630343166326436336163303134663930333762333362376138386264646364
65623836363832613766653637383139373766313965316632386563333234316430316532303035
36653638303630333664303862336634643966343632333962636636653135333833343937653461
63626132313661306136643934643765636233303638653639326466653533303363303031656463
64633731386266363838393038386239363532613766613939393865313165643432303033353339
32333637636239353131396434383932336137383161633935613636336261386463613331383166
34656463343131643332336261613663326532616331336532343364623534373462656663323638
32353436396561623563643532393330333235383839373435643661643631313263656638396231
35663465373065646361396436323033353361663132663362626464326634313230323066336662
61646438326639373736326136623733393563303863653064323136303965613134366663376632
38656432353430666331356235666263633735623561653762343838633366363266623633646564
32383663663364343639313934323038356665613130333263346263393962303262636565303966
31653531326663363531356331653732643365366236326364336434663963323337386236663731
66353866303734633539333030316663373366356633663565333034383139336564393237353932
37656262626533383538616264626465346532353531626661623732396537643965373739333066
32346333316564626130373334613638646263656432623162346165343937656437333966333563
66393266303131356430366232333230636266303664343634393764313461383933396262333632
30653235373934313430316364353238366338333764623433386539633463316635636533306538
36663866326261643134373565343739633866366536303330396238313938353733366165386264
34343364636635353338633238323337383561656334323565366466626234646262343961383234
65656133313335333361613430343562633866363937393865663938313735356634653933373433
32326235333162346137
