$ANSIBLE_VAULT;1.1;AES256
61346166353365353336643762376563636163376131376666616330653130336666383664376361
6635656663396434626238363763303466663564353339310a343265323734653633316236373866
37363232653635643765333037386464313662393866383236623362363561396432353164393065
3830346433323765620a383131363533353431306463386436623839393134653564663831346539
64306131353332616664613539646238376561626438316165383431363262666163383730396463
31643137666364313433613434346361623661373237643237303063303737656263366332616436
37316461316466393535623163663463383233303761663662666264643935653833316539613731
61623637653439633966643230623336626437303437316337663835663537666139666338393163
39396661396231313438393061353936646161636563376463366363383533336565373238383934
30623731386538376438616264373734633161636535636330626433383534393266663663363666
31376266366637353536393139316338306337653239376236613236646663643666363539376635
35306437363762633261333330653832363134613430633230303434663432383462636236636465
63303935633137616363646339313563353764373431396162383765613732376461326465656266
65616634336566616664313563363139363634623261366234653731613932646461626533616164
65343830316631613535343837353739346236373162616361356136333633636366343665323561
65623865366665663763306563326162373166353632633430616564653337643861323930383735
37333337306536373434356431316662643263633561633133616365393234383635623637393331
36396438333536303261383636306434633431653630323732316463313733313434373534653932
37313038356239343131363534353538656539613032343730316566633135353133333439643335
37316339343661623964336337633535356130363633313266653432626162323734666235623635
35633938643737656266636631316164623535393832393762373531623261346635666232666466
36656636383733343561623734363034306533656138316530323263386135346238343535623935
32393739396130653264346465643134623635353934616565396665626361376362313365613534
66656636393261623638376639366138303534353137613564646364666333323166346339326261
66646364386631613561306334633939393737386135363738343638383065376339643736373964
61356363373963656636323530326139656562656165366136623562316632323735636137303634
63303665646333343961623964373762366463353030396164363636623034653934333366343466
63393131643838336433
