$ANSIBLE_VAULT;1.1;AES256
61626439643565306232663830646333353964643235613763376364623636633138353465623661
3730396431353034356165623335626233623633653666390a626162666331323236366661323336
33643133653939393462316662316334333939356461346231663665626433366236363362396565
6664316530663363610a383730323637363134326230393531373361333662386362326236306562
36613433626432363334363033376533636535346234663738323866346434633139616263383561
30343834376666396463653432393561626162336631396461316366353866393733323862633562
35666635343939663036393634343337656230373966653664353837386231333932306431313739
33386530656633303361663461313030343865623066356333336665656639666136653231393062
37623732656365666664656133333666623230346664303232646666643461643865376564663939
38663565333564326462333839663738636365333036383634343766336330623262363338636530
61353835623131383834323766313664326231623539646438626563626233666238343831333564
38636231643332393264336338306638326562363366626165393638316233386433363038393762
36303239626237323962666663653065383362663465316537663764376266343538663765353964
66663732343463636536393933353335656135373965316234313630356232613733326236616238
34643239666662613838343664363631313239656163636439353235323334396635366636613561
65303063356438343534636262353637623139663466366334643562336162373532336335326662
62633230633937376362343237396264646330663836353436373234623237373238663765623861
65636339663638313930363232383537393231333965323163653363396132386236323334313463
30393065303038393537623935636639383132363632353961353133376630643163373638383764
37653039646166356633653164306663353234396266656335373237633934636663316336306131
38643533343437626163323530663839366334323430633864393963346134323333323462653963
66656439323936333431343863303031396664666562353231393766633837303934383930303539
35306138333934653037346230636439356136623333363739303739613835396334623836646437
34616461393635383337323434313139633835323064313539613034316463363964366135326636
61636632646461613936666264363761326134643036303736636534636130626339
