$ANSIBLE_VAULT;1.1;AES256
63623732306232623635656563316336333930303566623065396435616430356239383466653166
3065366137346230316138396438643161613639646130330a613766316361363562386238323661
39623739336331666237366239626432333034643534313432333534356365323731653533303734
3232386330303034350a623263353431373430613639323839643765366466336364663739393036
63643934303363373661613637323238383839303936333239616630306463616538376534616636
33643863663736376333626534616630653937353461616662336239656234376331373534346563
38333734383434646331356565363534336532663432663664376233316236653337616264333938
31373235323530353562643130643766363830343965363838343238303165643065663939353930
33383439353938623962646531633361323566363066333437656138646266353532303832313037
62623466326331373434306238306537353265356664633566366663613036346462316137383432
65623865313738363235343131666661343463663166376264666337666435316634303263393733
66653936633934393931303438356631326430383363303834313634346266366130363336353537
36633134343235313437326432653135343436613763616562396462656464636532363561646431
34643235343862633339666664393564656662633164323232633231333234303464346666313736
63333237313761346435336231623037643431346330323437366234383832363130623931346538
37646138326236646136396438333339326635383764323462393337363739323637333732656135
63323764663065323765363431393738636336636435653537303961383763366437616439633166
62643334343333383231373634303737626534356636383532666437376332363663366565346137
37656638346566303934333866373065366661366265613362373861396466623364373931303331
34366634643731363933353761636430663433613935616563633332343762303136653536656333
31323337643762383465626637393566646165333036616364303566333731656334313536613564
35663732363832633035653733656332306366303066376261363239626262333264323536386331
35333164663730323539356631393165656363316234636332393134333866653461623061333230
36663536313134393162
